Overall
==========
1VC 2C 3 4 5 6 7 8  9 12 14



Common Patterns
================

1C 2 3 5 6 9 11 13VC 14  16 17

1   2C 3 4VC 5  8   10 12 13 14 16
1VC 2C 3 4   5  8   10 12 13 14 16

1C 2 3VC 4   5 7 8 9   12    14     19
1C 2VC 3 4   5 7 8     12 13 14 15
1VC 2C 3 4   5 7 8     12 13 14 15


1VC 2C 3 4   5 7   9 10      13 14  16
1C 2VC 3 4   5 7   9      12 13   15   19
1VC 2C 3 4   5 7   9      12 13 14 15
1VC 2C 3 4   5 6 7 9 10   12    14 
1C 2 3VC 4   5 6 7 9   11 12    14
1C 2VC 3 4   5 6 7 9   11 14          16



1VC 2C   3 4   5 6 7 8 9 10    12
1   2C   3 4VC 5 6 7 8 9 10    12

1C 2VC   3 4   5 6 7 8 9    11 12

1VC 2C 3 4 5 6 7 8 9         10 14
