

500
====

1VC 2C 3 4 5 6 7 8 9 10 12

1VC 2C 3 4 5 7 9 12 13 14 15


first 400;

1VC 2C 3 4 5 6 7 8 9 10 12

1VC 2C 3 4 5 7 8 12 13 14 15




first 300

1C 2VC 3 4 5 6 7 8 9 11 12

1C 2VC 3 4 5 7 8 12 13 14 15



first 200

1C 2VC 3 4 5 6 7 8 9 11 12

1C 2VC 3 4 5 7 9  12 13 15 19


first 100
=========

1C 2 3VC 4 5 6 7 9 11 12 14

1C 2 3VC 4 5 7 8 9 12 14 19


>100
====

1 2C 3 4VC 5 6 7 8 9 10 12 

1 2C 3 4VC 5  8  10 12 13 14 16




>200
=====

1VC 2C 3 4 5 6 7 8 9 10 14

1VC 2C 3 4 5 8 10 12 13 14 16


>300
=====

1VC 2C 3 4 5 6 7 9 10 12 14 

1VC 2C 3 4 5 7 9 10 13 14 16


>400
=====

1C 2VC 3 4 5 6 7 9 11 14 16

1C 2 3  5 6  9 11 13VC 14 16 17



overall

1VC 2C 3 4 5 6 7 8  9 12 14